[[  1   0   0   0   0   0   0   0   0   0   0   0   0   0   0   0   0   0   0   0   0   0   0   0   0   0   0   0   0   0]
 [  0   5   1   0   0   0   0   0   0   0   0   0   0   0   0   0   0   0   0   0   0   0   0   0   0   0   0   0   0   0]
 [  0   1  23   3   2   0   0   0   0   0   0   0   0   0   0   0   0   0   0   0   0   0   0   0   0   0   0   0   0   0]
 [  0   0   9  50  12   2   3   0   0   0   0   0   0   0   0   0   0   0   0   0   0   0   0   0   0   0   0   0   0   0]
 [  0   0   2  13  46  16   9   2   0   0   0   0   0   0   0   0   0   0   0   0   0   0   0   0   0   0   0   0   0   0]
 [  0   0   1   4  14  90  27  10   2   0   1   0   0   0   0   0   0   0   0   0   0   0   0   0   0   0   0   0   0   0]
 [  0   0   0   2   2  15 152  22  19   1   1   0   0   0   0   0   0   0   0   0   0   0   0   0   0   0   0   0   0   0]
 [  0   0   0   0   3  11  36 152  35  19  11   3   1   0   0   0   0   0   0   0   0   0   0   0   0   0   0   0   0   0]
 [  0   0   0   0   1   3  12  35 184  38  14  11   1   0   1   0   0   0   1   0   0   0   0   0   0   0   0   0   0   0]
 [  0   0   0   0   0   1   6  16  45 159  44  16   9   0   2   1   1   0   0   0   1   0   0   0   0   0   0   0   0   0]
 [  0   0   0   0   0   0   2   6  22  35 174  24  17   2   3   2   0   0   0   0   0   0   0   0   0   0   0   0   0   0]
 [  0   0   0   0   0   0   0   2   7   9  36 165  16  12   7   2   1   0   0   0   0   0   0   0   0   0   0   0   0   0]
 [  0   0   0   0   0   0   0   1   3   5  10  28 141  13  14  12   7   1   1   0   0   0   0   0   0   0   0   0   0   0]
 [  0   0   0   0   0   0   0   0   0   6  10  21  20 124  24   9   5   1   2   1   0   0   0   0   0   0   0   0   0   0]
 [  0   0   0   0   0   0   0   0   1   0   5  10  12  23 102  21  10   3   2   1   2   0   0   0   0   0   0   0   0   0]
 [  0   0   0   0   0   0   0   0   0   1   0   7  19  14  21  93  23   2   6   0   1   0   0   0   0   0   0   0   0   0]
 [  0   0   0   0   0   0   0   0   0   1   1   1   6   8  11  14  58   5   4   5   2   4   0   0   0   0   0   0   0   0]
 [  0   0   0   0   0   0   0   0   0   0   0   2   4   1   6   6  13  32  10   5   1   3   0   1   0   0   0   0   0   0]
 [  0   0   0   0   0   0   0   0   0   1   0   0   3   0   5   8   7   5  44   1   3   2   0   1   0   0   0   0   0   0]
 [  0   0   0   0   0   0   0   0   0   0   0   0   0   1   0   5   7   2   9  27   3   2   1   1   1   0   0   0   0   0]
 [  0   0   0   0   0   0   0   0   0   0   0   0   0   0   0   3   2   4   1   3  25   2   0   0   1   0   0   0   0   0]
 [  0   0   0   0   0   0   0   0   0   0   0   0   0   0   1   1   3   2   4   3   1  10   1   0   0   0   0   1   0   0]
 [  0   0   0   0   0   0   0   0   0   0   0   0   0   0   0   0   2   1   4   4   3   0   8   0   1   0   0   0   0   1]
 [  0   0   0   0   0   0   0   0   0   0   0   0   0   0   1   1   0   1   2   1   1   3   0   2   0   0   0   0   0   0]
 [  0   0   0   0   0   0   0   0   0   0   0   0   0   0   0   0   0   1   1   0   1   1   0   0   2   0   0   0   0   0]
 [  0   0   0   0   0   0   0   0   0   0   0   0   0   0   0   0   0   1   0   0   1   2   0   0   0   2   0   0   0   0]
 [  0   0   0   0   0   0   0   0   0   0   0   0   0   0   0   0   0   0   1   0   1   1   0   0   1   0   1   0   0   0]
 [  0   0   0   0   0   0   0   0   0   0   0   0   0   0   0   0   0   0   0   0   0   0   0   0   0   0   0   1   0   0]
 [  0   0   0   0   0   0   0   0   0   0   0   0   0   0   0   0   0   0   0   0   1   0   1   0   0   0   0   0   0   0]
 [  0   0   0   0   0   0   0   0   0   0   0   0   0   0   0   0   0   0   0   0   0   0   0   0   0   0   0   0   0   1]]
