[[ 14   1   0   0   0   0   0   0   0   0   0   0   0   0   0   0   0   0
    0   0   0   0   0   0   0   0   0   0   0]
 [  0  28   0   1   0   0   0   0   0   0   0   0   0   0   0   0   0   0
    0   0   0   0   0   0   0   0   0   0   0]
 [  0   0  85   0   0   0   0   0   0   0   0   0   0   0   0   0   0   0
    0   0   0   0   0   0   0   0   0   0   0]
 [  0   2   0  85   2   0   0   0   0   0   0   0   0   0   0   0   0   0
    0   0   0   0   0   0   0   0   0   0   0]
 [  0   0   1   1 135   3   0   0   0   0   0   0   0   0   0   0   0   0
    0   0   0   0   0   0   0   0   0   0   0]
 [  0   0   0   0   1 192   0   1   0   0   1   0   0   0   0   0   0   0
    0   0   0   0   0   0   0   0   0   0   0]
 [  0   0   0   0   0   4 242   4   1   1   0   0   0   0   0   0   0   0
    0   0   0   0   0   0   0   0   0   0   0]
 [  0   0   0   1   0   0  11 253   4   3   0   0   0   0   0   0   0   0
    0   0   0   0   0   0   0   0   0   0   0]
 [  0   0   0   0   0   1   2   7 272   4   2   0   0   0   0   0   0   0
    0   0   0   0   0   0   0   0   0   0   0]
 [  0   0   0   0   0   0   1   3   2 295   0   0   1   0   0   0   0   0
    0   0   0   0   0   0   0   0   0   0   0]
 [  0   0   0   0   0   0   0   1   3   5 291   5   1   0   0   0   0   0
    0   0   0   0   0   0   0   0   0   0   0]
 [  0   0   0   0   0   0   0   0   2   4   7 247   5   1   0   0   0   1
    0   0   0   0   0   0   0   0   0   0   0]
 [  0   0   0   0   0   0   0   0   1   0   2   1 181   2   0   2   0   0
    0   0   1   0   0   0   0   0   0   0   0]
 [  0   0   0   0   0   0   0   0   0   3   0   2   2 210   1   1   0   0
    1   0   0   0   0   0   0   0   0   0   0]
 [  0   0   0   0   0   0   0   0   0   0   1   3   1   1 161   0   0   0
    0   0   0   0   0   0   0   0   0   0   0]
 [  0   0   0   0   0   0   0   0   0   0   0   1   2   1   1 109   0   1
    0   1   0   0   0   0   0   0   0   0   0]
 [  0   0   0   0   0   0   0   0   0   0   0   1   0   0   2   0  93   0
    0   1   0   0   0   0   0   0   0   0   0]
 [  0   0   0   0   0   0   0   0   0   0   0   0   1   1   2   1   0  76
    0   0   0   0   0   0   0   0   0   0   0]
 [  0   0   0   0   0   0   0   0   0   0   0   0   0   0   1   1   0   0
   41   0   0   1   0   0   0   0   0   0   0]
 [  0   0   0   0   0   0   0   0   0   0   0   0   0   0   2   1   0   1
    0  34   0   0   0   0   0   0   0   0   0]
 [  0   0   0   0   0   0   0   0   0   0   0   0   0   0   1   0   0   0
    0   0  29   0   0   0   0   0   0   0   0]
 [  0   0   0   0   0   0   0   0   0   0   0   0   0   0   0   0   0   0
    0   0   0  20   0   0   0   0   0   0   0]
 [  0   0   0   0   0   0   0   0   0   0   0   0   0   0   0   0   0   0
    0   0   1   1  18   0   0   0   0   0   0]
 [  0   0   0   0   0   0   0   0   0   0   0   0   0   0   0   0   0   0
    0   0   0   0   0  10   0   0   0   0   0]
 [  0   0   0   0   0   0   0   0   0   0   0   0   0   0   0   0   0   0
    0   0   0   0   0   0   3   0   0   0   0]
 [  0   0   0   0   0   0   0   0   0   0   0   0   0   0   0   0   0   0
    0   0   0   0   0   0   0   4   0   0   0]
 [  0   0   0   0   0   0   0   0   0   0   0   0   0   0   0   0   0   0
    0   0   0   0   0   0   0   0   3   0   0]
 [  0   0   0   0   0   0   0   0   0   0   0   0   0   0   0   0   0   0
    0   0   0   0   0   0   0   0   0   2   0]
 [  0   0   0   0   0   0   0   0   0   0   0   0   0   0   0   0   0   0
    0   0   0   0   0   0   0   0   0   0   1]]