[[ 12   3   0   0   0   0   0   0   0   0   0   0   0   0   0   0   0   0   0   0   0   0   0   0   0   0   0   0   0]
 [  1  15  10   0   1   0   0   0   0   0   0   0   0   0   0   0   0   0   0   0   0   0   0   0   0   0   0   0   0]
 [  0   3  55  13   6   1   0   0   0   0   0   0   0   0   0   0   0   0   0   0   0   0   0   0   0   0   0   0   0]
 [  0   0   9  59  13   0   2   0   0   0   0   0   0   0   0   0   0   0   0   0   0   0   0   0   0   0   0   0   0]
 [  0   1   2   6  90  27  11   5   1   0   0   0   1   0   0   0   0   0   0   0   0   0   0   0   0   0   0   0   0]
 [  0   0   0   3  11 115  46  11   5   3   0   0   0   0   0   0   0   0   0   0   0   0   0   0   0   0   0   0   0]
 [  0   0   1   1  11  19 166  23  24   7   1   1   1   0   0   0   0   0   0   0   0   0   0   0   0   0   0   0   0]
 [  0   0   0   1   2   8  59 115  35  18  12   5   0   2   1   0   0   0   0   0   0   0   0   0   0   0   0   0   0]
 [  0   0   0   0   1   4  21  23 152  37  27  11   0   1   0   1   0   0   0   0   0   0   0   0   0   0   0   0   0]
 [  0   0   0   0   0   1   7  13  32 169  35  15   6   3   4   0   0   0   0   0   0   0   0   0   0   0   0   0   0]
 [  0   0   0   0   0   0   5   3  20  31 173  43  16  15   5   2   0   0   0   0   0   0   0   0   0   0   0   0   0]
 [  0   0   0   0   0   0   2   0   6  14  35 132  19  18  19   4   0   1   1   0   0   0   0   0   0   0   0   0   0]
 [  0   0   0   0   0   0   1   0   4   6  14  26  96  25  29   9   1   2   2   1   0   0   0   0   0   0   0   0   0]
 [  0   0   0   0   0   0   0   1   0   3  15  16  22 108  30  16   0   4   0   2   1   0   0   0   0   0   0   0   0]
 [  0   0   0   0   0   0   0   0   0   0   5   8  17  22  85  17   3   6   1   0   0   0   0   0   0   0   0   0   0]
 [  0   0   0   0   0   0   1   0   1   1   1   2   9  10  19  71   1  10   2   2   0   0   0   0   0   0   0   0   0]
 [  0   0   0   0   0   0   0   0   0   0   0   1   3   9   9  14  37  14   4   3   1   0   0   0   0   0   0   0   0]
 [  0   0   0   0   0   0   0   0   0   1   0   1   1   3  17   8   2  38   3   6   3   0   1   0   0   0   0   0   0]
 [  0   0   0   0   0   0   0   0   0   0   0   0   2   1   4   5   5   5   24  3   2   0   0   0   0   0   0   0   0]
 [  0   0   0   0   0   0   0   0   0   0   0   1   0   1   4   6   1   4   3  25   2   2   0   0   0   0   0   0   0]
 [  0   0   0   0   0   0   0   0   0   0   0   0   0   0   2   1   3   8   2   5  11   1   1   0   0   0   0   0   0]
 [  0   0   0   0   0   0   0   0   0   0   0   0   0   0   1   0   2   2   2   3   0   9   0   1   0   0   0   0   0]
 [  0   0   0   0   0   0   0   0   0   0   0   0   1   0   0   2   1   2   0   3   0   0   8   0   0   0   0   0   0]
 [  0   0   0   0   0   0   0   0   0   0   0   0   0   0   1   0   0   2   1   2   0   0   2   1   0   0   0   0   0]
 [  0   0   0   0   0   0   0   0   0   0   0   0   0   0   0   0   0   0   0   0   0   0   0   0   1   0   0   0   0]
 [  0   0   0   0   0   0   0   0   0   0   0   0   0   0   0   0   0   1   1   0   0   1   0   0   0   3   0   0   0]
 [  0   0   0   0   0   0   0   0   0   0   0   0   0   0   1   0   0   0   1   2   0   0   1   0   0   0   0   0   0]
 [  0   0   0   0   0   0   0   0   0   0   0   0   0   0   0   0   0   0   0   1   0   0   0   0   0   0   0   0   0]
 [  0   0   0   0   0   0   0   0   0   0   0   0   0   0   0   0   0   0   0   1   0   0   2   0   0   0   0   0   2]]
